(32, 0, 32, 32) 1.03 -13.46
(64, 0, 32, 32) 1.1 28.25
(288, 0, 32, 32) 0.87 6.58
(320, 0, 32, 32) 0.97 -11.06
(352, 0, 32, 32) 0.95 23.58
(576, 0, 32, 32) 0.83 -13.72
(1344, 0, 32, 32) 1.19 -7.15
(1504, 0, 32, 32) 0.9 -3.49
(1536, 0, 32, 32) 0.82 -12.53
(1696, 0, 32, 32) 0.93 -3.0
(1888, 0, 32, 32) 1.0 -7.73
(2016, 0, 32, 32) 0.8 -27.47
(2048, 0, 32, 32) 0.89 27.37
(2368, 0, 32, 32) 1.17 13.08
(2464, 0, 32, 32) 0.81 25.03
(2560, 0, 32, 32) 1.01 7.52
(96, 32, 32, 32) 1.12 22.65
(320, 32, 32, 32) 0.89 -9.93
(384, 32, 32, 32) 0.82 15.17
(480, 32, 32, 32) 1.04 23.8
(544, 32, 32, 32) 1.05 -7.28
(608, 32, 32, 32) 0.87 18.9
(1056, 32, 32, 32) 0.85 -13.87
(1120, 32, 32, 32) 1.11 -18.44
(1152, 32, 32, 32) 1.14 15.17
(1248, 32, 32, 32) 0.91 -24.12
(1344, 32, 32, 32) 1.1 -19.05
(1408, 32, 32, 32) 1.07 15.62
(1440, 32, 32, 32) 1.03 8.09
(1728, 32, 32, 32) 1.12 -29.67
(1984, 32, 32, 32) 1.03 -24.49
(2080, 32, 32, 32) 0.86 26.39
(2240, 32, 32, 32) 1.08 21.51
(2304, 32, 32, 32) 0.97 -24.18
(2400, 32, 32, 32) 1.08 8.9
(2528, 32, 32, 32) 1.09 -6.22
(2720, 32, 32, 32) 1.08 1.52
(2784, 32, 32, 32) 0.81 -25.58
(0, 64, 32, 32) 1.05 1.3
(160, 64, 32, 32) 0.85 -3.22
(256, 64, 32, 32) 1.08 -22.43
(384, 64, 32, 32) 1.1 -6.06
(512, 64, 32, 32) 0.86 4.13
(736, 64, 32, 32) 0.9 -20.11
(768, 64, 32, 32) 1.09 7.35
(1056, 64, 32, 32) 1.04 23.6
(1120, 64, 32, 32) 1.13 -14.97
(1504, 64, 32, 32) 1.17 27.89
(1600, 64, 32, 32) 0.96 26.44
(1664, 64, 32, 32) 0.8 23.51
(1888, 64, 32, 32) 0.96 -3.97
(2304, 64, 32, 32) 1.06 -19.74
(2336, 64, 32, 32) 1.12 -6.06
(2368, 64, 32, 32) 1.07 3.94
(2560, 64, 32, 32) 0.91 -11.04
(2688, 64, 32, 32) 1.06 -10.57
(2784, 64, 32, 32) 1.19 24.01
(128, 96, 32, 32) 0.93 -14.34
(256, 96, 32, 32) 0.82 -29.37
(352, 96, 32, 32) 1.04 7.19
(1152, 96, 32, 32) 1.03 -22.7
(1248, 96, 32, 32) 1.1 14.36
(1312, 96, 32, 32) 0.96 -22.39
(1440, 96, 32, 32) 0.94 -26.66
(1600, 96, 32, 32) 1.01 -0.87
(1696, 96, 32, 32) 0.83 -5.72
(1984, 96, 32, 32) 1.07 17.84
(2208, 96, 32, 32) 1.03 27.11
(2272, 96, 32, 32) 0.95 -21.71
(2336, 96, 32, 32) 1.16 -9.55
(2432, 96, 32, 32) 1.07 -19.66
(2496, 96, 32, 32) 0.94 25.45
(2528, 96, 32, 32) 0.94 4.35
(2592, 96, 32, 32) 0.91 -21.03
(32, 128, 32, 32) 1.03 6.36
(64, 128, 32, 32) 0.95 23.57
(640, 128, 32, 32) 1.18 5.7
(768, 128, 32, 32) 1.2 25.13
(800, 128, 32, 32) 0.89 -15.93
(928, 128, 32, 32) 0.94 -21.72
(1152, 128, 32, 32) 1.13 -10.65
(1408, 128, 32, 32) 0.84 27.67
(1440, 128, 32, 32) 0.95 25.49
(2144, 128, 32, 32) 0.9 -29.84
(2304, 128, 32, 32) 1.19 26.38
(2720, 128, 32, 32) 0.86 8.74
(2752, 128, 32, 32) 0.87 9.51
(2784, 128, 32, 32) 1.03 14.21
(224, 160, 32, 32) 0.95 -21.25
(288, 160, 32, 32) 0.83 9.58
(480, 160, 32, 32) 0.92 -22.9
(512, 160, 32, 32) 1.06 -0.38
(544, 160, 32, 32) 0.85 -3.29
(864, 160, 32, 32) 1.0 26.8
(928, 160, 32, 32) 0.88 -24.55
(960, 160, 32, 32) 1.03 18.98
(992, 160, 32, 32) 1.08 -23.73
(1184, 160, 32, 32) 0.93 21.32
(1344, 160, 32, 32) 0.97 28.32
(1504, 160, 32, 32) 1.1 -24.71
(1824, 160, 32, 32) 0.9 14.79
(2080, 160, 32, 32) 0.93 -21.64
(2144, 160, 32, 32) 0.85 11.95
(2304, 160, 32, 32) 1.13 14.97
(2528, 160, 32, 32) 0.94 15.39
(2560, 160, 32, 32) 1.04 16.42
(2592, 160, 32, 32) 1.06 23.83