(288, 0, 32, 16) 1.1527042388916016 -32.75046157836914
(480, 32, 32, 16) 1.0784460306167603 -17.972082138061523
(608, 32, 32, 16) 1.0991424322128296 -23.943593978881836
(640, 32, 32, 16) 1.1045304536819458 -25.78290367126465
(480, 48, 32, 16) 1.0586984157562256 -12.648648262023926
(288, 64, 32, 16) 1.0858711004257202 -17.622451782226562
(320, 64, 32, 16) 1.085386872291565 -18.574113845825195
(640, 64, 32, 16) 1.070638656616211 -16.676494598388672
(96, 80, 32, 16) 1.0819530487060547 -18.95226287841797
(288, 80, 32, 16) 1.1042242050170898 -22.19120216369629
(320, 80, 32, 16) 1.0858529806137085 -18.22336769104004
(544, 80, 32, 16) 1.0792795419692993 -18.372732162475586
(576, 80, 32, 16) 1.1058030128479004 -25.482460021972656
(416, 112, 32, 16) 1.0874942541122437 -19.93433952331543
(160, 144, 32, 16) 1.071727991104126 -16.206531524658203
(288, 144, 32, 16) 1.1110397577285767 -27.549911499023438
(704, 336, 32, 16) 1.17594313621521 -5.967169761657715
(0, 352, 32, 16) 1.1622369289398193 -7.011621475219727
(0, 368, 32, 16) 1.1770153045654297 -6.89461088180542
(160, 368, 32, 16) 1.0682541131973267 -2.489610433578491
(640, 368, 32, 16) 1.1586015224456787 -6.212419509887695
(672, 368, 32, 16) 1.135339379310608 -4.815619945526123
(704, 368, 32, 16) 1.0702265501022339 -3.849848747253418
(160, 384, 32, 16) 1.0919355154037476 -2.842473030090332
(640, 384, 32, 16) 1.0745457410812378 -2.7300455570220947
(0, 400, 32, 16) 1.4337905645370483 -20.33380889892578
(32, 400, 32, 16) 1.2281779050827026 -10.155399322509766
(64, 400, 32, 16) 1.1989970207214355 -7.9759368896484375
(96, 400, 32, 16) 1.1585792303085327 -7.690304756164551
(128, 400, 32, 16) 1.1383517980575562 -8.43281364440918
(160, 400, 32, 16) 1.0731863975524902 -3.131350517272949
(608, 400, 32, 16) 1.088537335395813 -3.8802011013031006
(640, 400, 32, 16) 1.1795767545700073 -8.333807945251465
(672, 400, 32, 16) 1.1964761018753052 -7.228328227996826
(704, 400, 32, 16) 1.3952974081039429 -15.861429214477539
