(288, 32, 32, 16) 1.1476634740829468 -37.17268753051758
(608, 48, 32, 16) 1.0621516704559326 -14.802966117858887
(480, 64, 32, 16) 1.1074470281600952 -24.706928253173828
(32, 80, 32, 16) 1.0647982358932495 -17.22938346862793
(640, 80, 32, 16) 1.0693835020065308 -16.428451538085938
(96, 96, 32, 16) 1.0861493349075317 -19.229713439941406
(288, 96, 32, 16) 1.1726491451263428 -41.86247253417969
(320, 96, 32, 16) 1.1498608589172363 -36.3106803894043
(544, 96, 32, 16) 1.0771726369857788 -17.55327796936035
(576, 96, 32, 16) 1.0919783115386963 -22.025596618652344
(416, 128, 32, 16) 1.1032956838607788 -23.52629852294922
(160, 160, 32, 16) 1.1130496263504028 -26.498987197875977
(288, 160, 32, 16) 1.1063916683197021 -24.916889190673828
(704, 336, 32, 16) 1.2139678001403809 -6.921204566955566
(0, 352, 32, 16) 1.218191385269165 -9.96406364440918
(0, 368, 32, 16) 1.2033157348632812 -8.22020435333252
(160, 368, 32, 16) 1.093656301498413 -2.759608268737793
(640, 368, 32, 16) 1.2267603874206543 -6.027132511138916
(672, 368, 32, 16) 1.1749217510223389 -3.4060466289520264
(704, 368, 32, 16) 1.076891303062439 -3.6446070671081543
(0, 400, 32, 16) 1.4065392017364502 -14.847018241882324
(32, 400, 32, 16) 1.2608369588851929 -10.30416202545166
(64, 400, 32, 16) 1.2887334823608398 -10.650349617004395
(96, 400, 32, 16) 1.2817128896713257 -11.67971420288086
(128, 400, 32, 16) 1.2805503606796265 -13.063993453979492
(160, 400, 32, 16) 1.2480417490005493 -12.062697410583496
(192, 400, 32, 16) 1.2033264636993408 -11.56247615814209
(224, 400, 32, 16) 1.1096326112747192 -6.894725322723389
(288, 400, 32, 16) 1.1355912685394287 -4.634584426879883
(320, 400, 32, 16) 1.1998792886734009 -9.222405433654785
(352, 400, 32, 16) 1.204882264137268 -6.202396392822266
(384, 400, 32, 16) 1.2585783004760742 -11.723575592041016
(416, 400, 32, 16) 1.3539388179779053 -22.072063446044922
(448, 400, 32, 16) 1.2702195644378662 -19.60614013671875
(512, 400, 32, 16) 1.2524113655090332 -25.843732833862305
(544, 400, 32, 16) 1.5010643005371094 -40.522857666015625
(576, 400, 32, 16) 1.4154516458511353 -37.0629768371582
(608, 400, 32, 16) 1.3245221376419067 -30.048582077026367
(640, 400, 32, 16) 1.4426127672195435 -27.510879516601562
(672, 400, 32, 16) 1.369223952293396 -14.871573448181152
(704, 400, 32, 16) 1.4312477111816406 -17.663049697875977
